-2134231802 
-2063654996 
-1977797444 
-1892208143 
-1875677306 
-1739041347 
-1635006681 
-1551214303 
-1474240759 
-1448491584 
-1437965415 
-1325880574 
-1314316727 
-1297988737 
-1293615310 
-1290295920 
-1287608458 
-1248785339 
-1213542228 
-1204198905 
-1191716424 
-1182935620 
-1164066282 
-1131188589 
-990445275 
-988328655 
-960328973 
-890929473 
-811176944 
-801510518 
-771306879 
-764640285 
-666614583 
-530775972 
-509610391 
-486491533 
-431130490 
-397579060 
-379727873 
-302713361 
-290902182 
-213338246 
-212874541 
-203519648 
-162514208 
-150393444 
-73463745 
-51420526 
-46255869 
89396421 
219596425 
292535073 
349384145 
367391185 
380501993 
399592739 
468158831 
529650857 
581904059 
651958987 
667360910 
706512502 
724055904 
731293798 
754269298 
757569682 
782412370 
832106902 
879644499 
907300329 
945958205 
964414113 
1012875303 
1043120855 
1048713503 
1094404931 
1150187536 
1223456643 
1265703042 
1270137004 
1318558878 
1332404734 
1385399325 
1391179027 
1395313128 
1524780137 
1559899974 
1565090296 
1623914966 
1668122647 
1677609462 
1690295199 
1693052294 
1717077353 
1755510286 
1997890394 
2028688096 
2048270938 
2110483324 
2133076949 
